flight_height: 1.0
flight_speed: 5.0
map_start_position:
  latitude: 32.23190708763335
  longitude: -110.95341533950402
