flight_height: 5.0
flight_speed: 5.0
map_start_position:
  latitude: 32.23409768345864
  longitude: -110.93192277955508
