flight_height: 1.0
flight_speed: 5.0
map_start_position:
  latitude: 32.23188770798088
  longitude: -110.95348831307257
