flight_height: 1.0
flight_speed: 5.0
map_start_position:
  latitude: 32.231778802101644
  longitude: -110.95347758423651
