flight_height: 1.0
flight_speed: 5.0
map_start_position:
  latitude: 32.23193430487363
  longitude: -110.95344256443818
