flight_height: 1.0
flight_speed: 50.0
map_start_position:
  latitude: 47.397971399999996
  longitude: 8.5461638
